            2.489            1.725            2.280
            3.983            4.886            2.280
            5.476            8.048            2.280
            6.970           11.210            2.280
            8.463           14.372            2.300
            9.957           17.533            2.300
           11.451           20.695            2.300
           12.944           23.857            2.300
           14.438           27.019            2.280
           15.931           30.181            2.280
            5.974            2.012            2.280
            7.468            5.174            2.280
            8.961            8.336            2.280
           10.455           11.497            2.280
           11.948           14.659            2.300
           13.442           17.821            2.320
           14.936           20.983            2.300
           16.429           24.144            2.300
           17.923           27.306            2.280
           19.416           30.468            2.280
            9.459            2.299            2.280
           10.953            5.461            2.280
           12.446            8.623            2.280
           13.940           11.785            2.320
           15.433           14.947            2.360
           16.927           18.108            2.360
           18.420           21.270            2.300
           19.914           24.432            2.280
           21.408           27.594            2.280
           22.901           30.755            2.280
           12.944            2.587            2.280
           14.438            5.749            2.280
           15.931            8.910            2.300
           17.425           12.072            2.340
           18.918           15.234            2.340
           20.412           18.396            2.300
           21.905           21.558            2.280
           23.399           24.719            2.280
           24.893           27.881            2.280
           26.386           31.043            2.280
           16.429            2.874            2.300
           17.923            6.036            2.300
           19.416            9.198            2.360
           20.910           12.360            2.360
           22.403           15.521            2.340
           23.897           18.683            2.300
           25.390           21.845            2.300
           26.884           25.007            2.300
           28.377           28.169            2.300
           29.871           31.330            2.300
           19.914            3.162            2.280
           21.408            6.324            2.320
           22.901            9.485            2.340
           24.395           12.647            2.320
           25.888           15.809            2.300
           27.382           18.971            2.300
           28.875           22.132            2.300
           30.369           25.294            2.300
           31.862           28.456            2.300
           33.356           31.618            2.300
           23.399            3.449            2.280
           24.892            6.611            2.320
           26.386            9.773            2.340
           27.880           12.935            2.280
           29.373           16.096            2.300
           30.867           19.258            2.300
           32.360           22.420            2.100
           33.854           25.582            2.100
           35.347           28.743            2.280
           36.841           31.905            2.280
           26.884            3.737            2.280
           28.377            6.898            2.280
           29.871           10.060            2.280
           31.365           13.222            2.300
           32.858           16.384            2.300
           34.352           19.546            2.300
           35.845           22.707            2.100
           37.339           25.869            2.280
           38.832           29.031            2.280
           40.326           32.193            2.280
           30.369            4.024            2.280
           31.862            7.186            2.280
           33.356           10.348            2.280
           34.849           13.509            2.280
           36.343           16.671            2.300
           37.837           19.833            2.300
           39.330           22.995            2.280
           40.824           26.156            2.300
           42.317           29.318            2.280
           43.811           32.480            2.280
           33.854            4.312            2.280
           35.347            7.473            2.280
           36.841           10.635            2.280
           38.334           13.797            2.280
           39.828           16.959            2.300
           41.322           20.120            2.300
           42.815           23.282            2.300
           44.309           26.444            2.300
           45.802           29.606            2.280
           47.296           32.767            2.280
