            2.489            1.725            2.400
            3.983            4.886            2.400
            5.476            8.048            2.420
            6.970           11.210            2.420
            8.463           14.372            2.400
            9.957           17.533            2.400
           11.451           20.695            2.400
           12.944           23.857            2.400
           14.438           27.019            2.420
           15.931           30.181            2.420
            5.974            2.012            2.400
            7.468            5.174            2.400
            8.961            8.336            2.420
           10.455           11.497            2.400
           11.948           14.659            2.400
           13.442           17.821            2.400
           14.936           20.983            2.400
           16.429           24.144            2.420
           17.923           27.306            2.420
           19.416           30.468            2.420
            9.459            2.299            2.400
           10.953            5.461            2.400
           12.446            8.623            2.400
           13.940           11.785            2.400
           15.433           14.947            2.400
           16.927           18.108            2.400
           18.420           21.270            2.400
           19.914           24.432            2.420
           21.408           27.594            2.400
           22.901           30.755            2.420
           12.944            2.587            2.400
           14.438            5.749            2.400
           15.931            8.910            2.400
           17.425           12.072            2.400
           18.918           15.234            2.420
           20.412           18.396            2.400
           21.905           21.558            2.420
           23.399           24.719            2.400
           24.893           27.881            2.400
           26.386           31.043            2.400
           16.429            2.874            2.400
           17.923            6.036            2.420
           19.416            9.198            2.520
           20.910           12.360            2.520
           22.403           15.521            2.420
           23.897           18.683            2.400
           25.390           21.845            2.420
           26.884           25.007            2.400
           28.377           28.169            2.400
           29.871           31.330            2.380
           19.914            3.162            2.360
           21.408            6.324            2.380
           22.901            9.485            2.520
           24.395           12.647            2.480
           25.888           15.809            2.400
           27.382           18.971            2.740
           28.875           22.132            2.400
           30.369           25.294            2.720
           31.862           28.456            2.400
           33.356           31.618            2.400
           23.399            3.449            2.380
           24.892            6.611            2.400
           26.386            9.773            2.500
           27.880           12.935            2.400
           29.373           16.096            2.400
           30.867           19.258            2.400
           32.360           22.420            2.380
           33.854           25.582            2.260
           35.347           28.743            2.260
           36.841           31.905            2.260
           26.884            3.737            2.380
           28.377            6.898            2.420
           29.871           10.060            2.400
           31.365           13.222            2.400
           32.858           16.384            2.400
           34.352           19.546            2.740
           35.845           22.707            2.400
           37.339           25.869            2.260
           38.832           29.031            2.260
           40.326           32.193            2.380
           30.369            4.024            2.400
           31.862            7.186            2.400
           33.356           10.348            2.400
           34.849           13.509            2.400
           36.343           16.671            2.400
           37.837           19.833            2.400
           39.330           22.995            2.260
           40.824           26.156            2.260
           42.317           29.318            2.380
           43.811           32.480            2.400
           33.854            4.312            2.400
           35.347            7.473            2.400
           36.841           10.635            2.400
           38.334           13.797            2.420
           39.828           16.959            2.400
           41.322           20.120            2.400
           42.815           23.282            2.380
           44.309           26.444            2.380
           45.802           29.606            2.400
           47.296           32.767            2.400
