            2.489            1.725            1.640
            3.983            4.886            1.640
            5.476            8.048            1.660
            6.970           11.210            1.660
            8.463           14.372            1.960
            9.957           17.533            1.960
           11.451           20.695            1.720
           12.944           23.857            1.720
           14.438           27.019            1.720
           15.931           30.181            1.640
            5.974            2.012            1.640
            7.468            5.174            1.680
            8.961            8.336            1.680
           10.455           11.497            1.680
           11.948           14.659            1.960
           13.442           17.821            1.760
           14.936           20.983            1.720
           16.429           24.144            1.720
           17.923           27.306            1.640
           19.416           30.468            1.640
            9.459            2.299            1.660
           10.953            5.461            1.680
           12.446            8.623            1.680
           13.940           11.785            1.520
           15.433           14.947            1.820
           16.927           18.108            1.760
           18.420           21.270            1.720
           19.914           24.432            1.640
           21.408           27.594            1.640
           22.901           30.755            1.640
           12.944            2.587            1.660
           14.438            5.749            1.680
           15.931            8.910            1.520
           17.425           12.072            1.520
           18.918           15.234            2.040
           20.412           18.396            1.720
           21.905           21.558            1.660
           23.399           24.719            1.640
           24.893           27.881            1.640
           26.386           31.043            1.660
           16.429            2.874            1.940
           17.923            6.036            1.940
           19.416            9.198            1.820
           20.910           12.360            2.040
           22.403           15.521            2.040
           23.897           18.683            1.680
           25.390           21.845            1.640
           26.884           25.007            1.660
           28.377           28.169            1.660
           29.871           31.330            1.660
           19.914            3.162            1.660
           21.408            6.324            1.720
           22.901            9.485            1.740
           24.395           12.647            1.760
           25.888           15.809            2.020
           27.382           18.971            1.940
           28.875           22.132            1.660
           30.369           25.294            1.940
           31.862           28.456            1.940
           33.356           31.618            1.940
           23.399            3.449            1.720
           24.892            6.611            1.720
           26.386            9.773            1.720
           27.880           12.935            1.660
           29.373           16.096            1.660
           30.867           19.258            1.940
           32.360           22.420            1.720
           33.854           25.582            1.720
           35.347           28.743            1.720
           36.841           31.905            1.640
           26.884            3.737            1.720
           28.377            6.898            1.720
           29.871           10.060            1.660
           31.365           13.222            1.640
           32.858           16.384            1.960
           34.352           19.546            1.960
           35.845           22.707            1.720
           37.339           25.869            1.700
           38.832           29.031            1.620
           40.326           32.193            1.720
           30.369            4.024            1.720
           31.862            7.186            1.640
           33.356           10.348            1.640
           34.849           13.509            1.640
           36.343           16.671            1.660
           37.837           19.833            1.960
           39.330           22.995            1.720
           40.824           26.156            1.620
           42.317           29.318            1.620
           43.811           32.480            1.700
           33.854            4.312            1.640
           35.347            7.473            1.640
           36.841           10.635            1.640
           38.334           13.797            1.660
           39.828           16.959            1.660
           41.322           20.120            1.960
           42.815           23.282            1.720
           44.309           26.444            1.720
           45.802           29.606            1.700
           47.296           32.767            1.640
