            2.489            1.725            1.220
            3.983            4.886            1.220
            5.476            8.048            1.220
            6.970           11.210            1.200
            8.463           14.372            1.200
            9.957           17.533            1.200
           11.451           20.695            1.220
           12.944           23.857            1.220
           14.438           27.019            1.220
           15.931           30.181            1.220
            5.974            2.012            1.220
            7.468            5.174            1.220
            8.961            8.336            1.200
           10.455           11.497            1.200
           11.948           14.659            1.200
           13.442           17.821            1.200
           14.936           20.983            1.200
           16.429           24.144            1.220
           17.923           27.306            1.220
           19.416           30.468            1.220
            9.459            2.299            1.220
           10.953            5.461            1.200
           12.446            8.623            1.200
           13.940           11.785            1.200
           15.433           14.947            1.200
           16.927           18.108            1.200
           18.420           21.270            1.200
           19.914           24.432            1.220
           21.408           27.594            1.220
           22.901           30.755            1.220
           12.944            2.587            1.200
           14.438            5.749            1.200
           15.931            8.910            1.200
           17.425           12.072            1.200
           18.918           15.234            1.200
           20.412           18.396            1.200
           21.905           21.558            1.220
           23.399           24.719            1.220
           24.893           27.881            1.260
           26.386           31.043            1.220
           16.429            2.874            1.200
           17.923            6.036            1.200
           19.416            9.198            1.200
           20.910           12.360            1.200
           22.403           15.521            1.200
           23.897           18.683            1.200
           25.390           21.845            1.220
           26.884           25.007            1.280
           28.377           28.169            1.260
           29.871           31.330            1.220
           19.914            3.162            1.200
           21.408            6.324            1.200
           22.901            9.485            1.200
           24.395           12.647            1.200
           25.888           15.809            1.220
           27.382           18.971            1.220
           28.875           22.132            1.300
           30.369           25.294            1.220
           31.862           28.456            1.220
           33.356           31.618            1.220
           23.399            3.449            1.200
           24.892            6.611            1.200
           26.386            9.773            1.200
           27.880           12.935            1.220
           29.373           16.096            1.220
           30.867           19.258            1.220
           32.360           22.420            1.300
           33.854           25.582            1.300
           35.347           28.743            1.280
           36.841           31.905            1.220
           26.884            3.737            1.220
           28.377            6.898            1.220
           29.871           10.060            1.220
           31.365           13.222            1.220
           32.858           16.384            1.280
           34.352           19.546            1.280
           35.845           22.707            1.300
           37.339           25.869            1.280
           38.832           29.031            1.260
           40.326           32.193            1.220
           30.369            4.024            1.220
           31.862            7.186            1.220
           33.356           10.348            1.220
           34.849           13.509            1.260
           36.343           16.671            1.260
           37.837           19.833            1.280
           39.330           22.995            1.280
           40.824           26.156            1.260
           42.317           29.318            1.220
           43.811           32.480            1.220
           33.854            4.312            1.220
           35.347            7.473            1.220
           36.841           10.635            1.220
           38.334           13.797            1.220
           39.828           16.959            1.220
           41.322           20.120            1.220
           42.815           23.282            1.220
           44.309           26.444            1.220
           45.802           29.606            1.220
           47.296           32.767            1.220
