            2.489            1.725            3.080
            3.983            4.886            3.080
            5.476            8.048            3.080
            6.970           11.210            3.080
            8.463           14.372            3.100
            9.957           17.533            3.100
           11.451           20.695            2.980
           12.944           23.857            2.980
           14.438           27.019            2.960
           15.931           30.181            3.080
            5.974            2.012            3.080
            7.468            5.174            3.080
            8.961            8.336            3.080
           10.455           11.497            3.080
           11.948           14.659            3.100
           13.442           17.821            3.100
           14.936           20.983            3.100
           16.429           24.144            2.960
           17.923           27.306            2.960
           19.416           30.468            2.960
            9.459            2.299            3.080
           10.953            5.461            3.100
           12.446            8.623            3.080
           13.940           11.785            3.100
           15.433           14.947            3.100
           16.927           18.108            3.100
           18.420           21.270            3.100
           19.914           24.432            2.960
           21.408           27.594            2.960
           22.901           30.755            2.960
           12.944            2.587            3.080
           14.438            5.749            3.080
           15.931            8.910            3.100
           17.425           12.072            3.100
           18.918           15.234            3.100
           20.412           18.396            3.080
           21.905           21.558            2.960
           23.399           24.719            2.960
           24.893           27.881            2.960
           26.386           31.043            2.960
           16.429            2.874            3.100
           17.923            6.036            3.100
           19.416            9.198            3.100
           20.910           12.360            3.100
           22.403           15.521            3.080
           23.897           18.683            3.060
           25.390           21.845            2.960
           26.884           25.007            2.960
           28.377           28.169            2.960
           29.871           31.330            2.980
           19.914            3.162            3.100
           21.408            6.324            3.100
           22.901            9.485            3.100
           24.395           12.647            3.100
           25.888           15.809            3.060
           27.382           18.971            2.980
           28.875           22.132            2.980
           30.369           25.294            2.980
           31.862           28.456            2.960
           33.356           31.618            2.980
           23.399            3.449            3.100
           24.892            6.611            3.100
           26.386            9.773            3.100
           27.880           12.935            3.080
           29.373           16.096            3.040
           30.867           19.258            2.980
           32.360           22.420            2.960
           33.854           25.582            2.960
           35.347           28.743            2.960
           36.841           31.905            2.960
           26.884            3.737            3.100
           28.377            6.898            3.100
           29.871           10.060            3.080
           31.365           13.222            3.080
           32.858           16.384            3.080
           34.352           19.546            2.980
           35.845           22.707            2.960
           37.339           25.869            2.960
           38.832           29.031            2.980
           40.326           32.193            2.980
           30.369            4.024            3.080
           31.862            7.186            3.080
           33.356           10.348            3.080
           34.849           13.509            3.080
           36.343           16.671            3.100
           37.837           19.833            3.100
           39.330           22.995            2.960
           40.824           26.156            2.980
           42.317           29.318            2.980
           43.811           32.480            3.100
           33.854            4.312            3.060
           35.347            7.473            3.060
           36.841           10.635            3.080
           38.334           13.797            3.080
           39.828           16.959            3.100
           41.322           20.120            3.100
           42.815           23.282            2.980
           44.309           26.444            2.980
           45.802           29.606            2.980
           47.296           32.767            3.080
