            2.489            1.725            2.080
            3.983            4.886            1.820
            5.476            8.048            1.820
            6.970           11.210            1.820
            8.463           14.372            2.080
            9.957           17.533            2.100
           11.451           20.695            1.780
           12.944           23.857            1.780
           14.438           27.019            1.780
           15.931           30.181            1.780
            5.974            2.012            1.820
            7.468            5.174            1.820
            8.961            8.336            1.820
           10.455           11.497            1.820
           11.948           14.659            2.080
           13.442           17.821            2.100
           14.936           20.983            2.100
           16.429           24.144            2.100
           17.923           27.306            2.080
           19.416           30.468            2.080
            9.459            2.299            1.820
           10.953            5.461            1.820
           12.446            8.623            1.820
           13.940           11.785            1.820
           15.433           14.947            2.100
           16.927           18.108            1.820
           18.420           21.270            1.820
           19.914           24.432            1.820
           21.408           27.594            1.820
           22.901           30.755            1.820
           12.944            2.587            1.820
           14.438            5.749            1.820
           15.931            8.910            1.820
           17.425           12.072            1.820
           18.918           15.234            2.100
           20.412           18.396            1.800
           21.905           21.558            1.820
           23.399           24.719            2.080
           24.893           27.881            2.080
           26.386           31.043            1.820
           16.429            2.874            2.080
           17.923            6.036            2.080
           19.416            9.198            1.820
           20.910           12.360            2.100
           22.403           15.521            2.100
           23.897           18.683            2.080
           25.390           21.845            2.080
           26.884           25.007            2.080
           28.377           28.169            2.080
           29.871           31.330            2.080
           19.914            3.162            1.780
           21.408            6.324            1.800
           22.901            9.485            1.820
           24.395           12.647            1.820
           25.888           15.809            2.080
           27.382           18.971            2.080
           28.875           22.132            1.780
           30.369           25.294            2.060
           31.862           28.456            1.780
           33.356           31.618            2.080
           23.399            3.449            1.780
           24.892            6.611            2.100
           26.386            9.773            1.820
           27.880           12.935            2.100
           29.373           16.096            2.080
           30.867           19.258            2.060
           32.360           22.420            1.760
           33.854           25.582            1.780
           35.347           28.743            1.780
           36.841           31.905            1.780
           26.884            3.737            1.780
           28.377            6.898            2.100
           29.871           10.060            2.080
           31.365           13.222            2.080
           32.858           16.384            2.080
           34.352           19.546            2.060
           35.845           22.707            1.780
           37.339           25.869            1.780
           38.832           29.031            1.780
           40.326           32.193            1.780
           30.369            4.024            1.780
           31.862            7.186            2.100
           33.356           10.348            2.080
           34.849           13.509            2.080
           36.343           16.671            1.780
           37.837           19.833            2.080
           39.330           22.995            1.780
           40.824           26.156            1.780
           42.317           29.318            1.780
           43.811           32.480            1.780
           33.854            4.312            1.780
           35.347            7.473            2.080
           36.841           10.635            2.080
           38.334           13.797            1.820
           39.828           16.959            2.080
           41.322           20.120            2.080
           42.815           23.282            1.780
           44.309           26.444            1.780
           45.802           29.606            1.780
           47.296           32.767            1.780
