            2.489            1.725            1.080
            3.983            4.886            1.080
            5.476            8.048            1.080
            6.970           11.210            1.080
            8.463           14.372            1.080
            9.957           17.533            1.080
           11.451           20.695            1.080
           12.944           23.857            1.080
           14.438           27.019            1.080
           15.931           30.181            1.080
            5.974            2.012            1.080
            7.468            5.174            1.080
            8.961            8.336            1.080
           10.455           11.497            1.080
           11.948           14.659            0.920
           13.442           17.821            1.080
           14.936           20.983            1.080
           16.429           24.144            1.080
           17.923           27.306            1.080
           19.416           30.468            1.080
            9.459            2.299            1.080
           10.953            5.461            1.080
           12.446            8.623            1.080
           13.940           11.785            1.080
           15.433           14.947            0.920
           16.927           18.108            1.080
           18.420           21.270            1.080
           19.914           24.432            1.080
           21.408           27.594            1.080
           22.901           30.755            1.080
           12.944            2.587            1.080
           14.438            5.749            1.080
           15.931            8.910            1.080
           17.425           12.072            0.920
           18.918           15.234            0.920
           20.412           18.396            1.080
           21.905           21.558            1.080
           23.399           24.719            1.080
           24.893           27.881            1.080
           26.386           31.043            1.080
           16.429            2.874            1.080
           17.923            6.036            1.080
           19.416            9.198            0.920
           20.910           12.360            0.920
           22.403           15.521            1.080
           23.897           18.683            1.080
           25.390           21.845            1.080
           26.884           25.007            1.080
           28.377           28.169            1.080
           29.871           31.330            1.080
           19.914            3.162            1.080
           21.408            6.324            1.080
           22.901            9.485            1.080
           24.395           12.647            1.080
           25.888           15.809            1.080
           27.382           18.971            1.080
           28.875           22.132            1.080
           30.369           25.294            1.080
           31.862           28.456            1.080
           33.356           31.618            1.080
           23.399            3.449            1.080
           24.892            6.611            1.080
           26.386            9.773            1.080
           27.880           12.935            1.080
           29.373           16.096            1.080
           30.867           19.258            1.080
           32.360           22.420            1.080
           33.854           25.582            1.080
           35.347           28.743            1.080
           36.841           31.905            1.080
           26.884            3.737            1.080
           28.377            6.898            1.080
           29.871           10.060            1.080
           31.365           13.222            1.080
           32.858           16.384            1.080
           34.352           19.546            1.080
           35.845           22.707            1.080
           37.339           25.869            1.080
           38.832           29.031            1.080
           40.326           32.193            1.080
           30.369            4.024            1.080
           31.862            7.186            1.080
           33.356           10.348            1.080
           34.849           13.509            1.080
           36.343           16.671            1.080
           37.837           19.833            1.080
           39.330           22.995            1.080
           40.824           26.156            1.080
           42.317           29.318            1.080
           43.811           32.480            1.080
           33.854            4.312            1.080
           35.347            7.473            1.080
           36.841           10.635            1.080
           38.334           13.797            1.080
           39.828           16.959            1.080
           41.322           20.120            1.080
           42.815           23.282            1.080
           44.309           26.444            1.080
           45.802           29.606            1.080
           47.296           32.767            1.080
