            2.489            1.725            1.960
            3.983            4.886            1.900
            5.476            8.048            1.900
            6.970           11.210            1.920
            8.463           14.372            1.920
            9.957           17.533            1.920
           11.451           20.695            1.900
           12.944           23.857            1.900
           14.438           27.019            1.960
           15.931           30.181            1.960
            5.974            2.012            1.900
            7.468            5.174            1.900
            8.961            8.336            1.860
           10.455           11.497            1.860
           11.948           14.659            1.860
           13.442           17.821            1.860
           14.936           20.983            1.860
           16.429           24.144            1.900
           17.923           27.306            1.960
           19.416           30.468            1.900
            9.459            2.299            1.900
           10.953            5.461            1.860
           12.446            8.623            1.860
           13.940           11.785            1.860
           15.433           14.947            1.860
           16.927           18.108            1.860
           18.420           21.270            1.860
           19.914           24.432            1.900
           21.408           27.594            1.900
           22.901           30.755            1.900
           12.944            2.587            1.920
           14.438            5.749            1.860
           15.931            8.910            1.860
           17.425           12.072            1.860
           18.918           15.234            1.860
           20.412           18.396            1.860
           21.905           21.558            1.920
           23.399           24.719            1.920
           24.893           27.881            1.920
           26.386           31.043            1.920
           16.429            2.874            1.920
           17.923            6.036            2.020
           19.416            9.198            2.040
           20.910           12.360            1.860
           22.403           15.521            1.860
           23.897           18.683            1.920
           25.390           21.845            1.920
           26.884           25.007            1.920
           28.377           28.169            1.920
           29.871           31.330            1.900
           19.914            3.162            1.900
           21.408            6.324            1.860
           22.901            9.485            1.860
           24.395           12.647            1.860
           25.888           15.809            1.920
           27.382           18.971            1.920
           28.875           22.132            1.900
           30.369           25.294            1.920
           31.862           28.456            1.920
           33.356           31.618            1.900
           23.399            3.449            1.900
           24.892            6.611            1.840
           26.386            9.773            1.840
           27.880           12.935            1.900
           29.373           16.096            1.900
           30.867           19.258            1.920
           32.360           22.420            1.920
           33.854           25.582            1.920
           35.347           28.743            1.980
           36.841           31.905            1.900
           26.884            3.737            1.960
           28.377            6.898            1.880
           29.871           10.060            1.880
           31.365           13.222            1.900
           32.858           16.384            1.900
           34.352           19.546            1.920
           35.845           22.707            1.920
           37.339           25.869            1.980
           38.832           29.031            1.980
           40.326           32.193            1.960
           30.369            4.024            1.960
           31.862            7.186            1.960
           33.356           10.348            1.900
           34.849           13.509            1.900
           36.343           16.671            1.920
           37.837           19.833            1.920
           39.330           22.995            1.900
           40.824           26.156            1.980
           42.317           29.318            1.960
           43.811           32.480            1.960
           33.854            4.312            1.960
           35.347            7.473            1.960
           36.841           10.635            1.900
           38.334           13.797            1.920
           39.828           16.959            1.920
           41.322           20.120            1.980
           42.815           23.282            1.900
           44.309           26.444            1.880
           45.802           29.606            1.960
           47.296           32.767            1.960
