            2.489            1.725            2.200
            3.983            4.886            2.100
            5.476            8.048            2.100
            6.970           11.210            2.100
            8.463           14.372            2.100
            9.957           17.533            2.200
           11.451           20.695            2.200
           12.944           23.857            2.200
           14.438           27.019            2.200
           15.931           30.181            2.200
            5.974            2.012            2.080
            7.468            5.174            2.080
            8.961            8.336            2.080
           10.455           11.497            2.100
           11.948           14.659            2.080
           13.442           17.821            2.080
           14.936           20.983            2.080
           16.429           24.144            2.080
           17.923           27.306            2.200
           19.416           30.468            2.200
            9.459            2.299            2.080
           10.953            5.461            2.080
           12.446            8.623            2.080
           13.940           11.785            2.080
           15.433           14.947            2.080
           16.927           18.108            2.080
           18.420           21.270            2.080
           19.914           24.432            2.080
           21.408           27.594            2.080
           22.901           30.755            2.080
           12.944            2.587            2.100
           14.438            5.749            2.100
           15.931            8.910            2.080
           17.425           12.072            2.080
           18.918           15.234            2.080
           20.412           18.396            2.080
           21.905           21.558            2.080
           23.399           24.719            2.020
           24.893           27.881            2.140
           26.386           31.043            2.100
           16.429            2.874            2.100
           17.923            6.036            2.100
           19.416            9.198            2.100
           20.910           12.360            2.100
           22.403           15.521            2.200
           23.897           18.683            2.100
           25.390           21.845            2.200
           26.884           25.007            2.120
           28.377           28.169            2.120
           29.871           31.330            2.200
           19.914            3.162            2.200
           21.408            6.324            2.200
           22.901            9.485            2.200
           24.395           12.647            2.200
           25.888           15.809            2.200
           27.382           18.971            2.040
           28.875           22.132            1.960
           30.369           25.294            1.960
           31.862           28.456            2.120
           33.356           31.618            2.200
           23.399            3.449            2.200
           24.892            6.611            2.200
           26.386            9.773            2.200
           27.880           12.935            2.200
           29.373           16.096            2.140
           30.867           19.258            1.960
           32.360           22.420            1.960
           33.854           25.582            1.960
           35.347           28.743            2.140
           36.841           31.905            2.140
           26.884            3.737            2.200
           28.377            6.898            2.200
           29.871           10.060            2.200
           31.365           13.222            2.140
           32.858           16.384            2.120
           34.352           19.546            1.960
           35.845           22.707            1.960
           37.339           25.869            1.960
           38.832           29.031            2.140
           40.326           32.193            2.140
           30.369            4.024            2.200
           31.862            7.186            2.200
           33.356           10.348            2.100
           34.849           13.509            2.040
           36.343           16.671            2.040
           37.837           19.833            2.120
           39.330           22.995            2.140
           40.824           26.156            2.140
           42.317           29.318            2.140
           43.811           32.480            2.200
           33.854            4.312            2.200
           35.347            7.473            2.100
           36.841           10.635            2.100
           38.334           13.797            2.100
           39.828           16.959            2.100
           41.322           20.120            2.200
           42.815           23.282            2.140
           44.309           26.444            2.140
           45.802           29.606            2.200
           47.296           32.767            2.200
