            2.489            1.725            1.680
            3.983            4.886            1.580
            5.476            8.048            1.580
            6.970           11.210            1.580
            8.463           14.372            1.760
            9.957           17.533            1.760
           11.451           20.695            1.720
           12.944           23.857            1.700
           14.438           27.019            1.700
           15.931           30.181            1.680
            5.974            2.012            1.580
            7.468            5.174            1.580
            8.961            8.336            1.680
           10.455           11.497            1.760
           11.948           14.659            1.760
           13.442           17.821            1.760
           14.936           20.983            1.740
           16.429           24.144            1.740
           17.923           27.306            1.740
           19.416           30.468            1.580
            9.459            2.299            1.580
           10.953            5.461            1.680
           12.446            8.623            1.760
           13.940           11.785            1.760
           15.433           14.947            1.760
           16.927           18.108            1.760
           18.420           21.270            1.740
           19.914           24.432            1.740
           21.408           27.594            1.580
           22.901           30.755            1.580
           12.944            2.587            1.580
           14.438            5.749            1.760
           15.931            8.910            1.760
           17.425           12.072            1.760
           18.918           15.234            1.760
           20.412           18.396            1.760
           21.905           21.558            1.740
           23.399           24.719            1.580
           24.893           27.881            1.580
           26.386           31.043            1.580
           16.429            2.874            1.660
           17.923            6.036            1.760
           19.416            9.198            1.760
           20.910           12.360            1.780
           22.403           15.521            1.760
           23.897           18.683            1.740
           25.390           21.845            1.720
           26.884           25.007            1.740
           28.377           28.169            1.740
           29.871           31.330            1.740
           19.914            3.162            1.740
           21.408            6.324            1.760
           22.901            9.485            1.760
           24.395           12.647            1.740
           25.888           15.809            1.740
           27.382           18.971            1.740
           28.875           22.132            1.740
           30.369           25.294            1.740
           31.862           28.456            1.720
           33.356           31.618            1.760
           23.399            3.449            1.720
           24.892            6.611            1.740
           26.386            9.773            1.740
           27.880           12.935            1.740
           29.373           16.096            1.760
           30.867           19.258            1.740
           32.360           22.420            1.720
           33.854           25.582            1.640
           35.347           28.743            1.700
           36.841           31.905            1.700
           26.884            3.737            1.700
           28.377            6.898            1.720
           29.871           10.060            1.720
           31.365           13.222            1.640
           32.858           16.384            1.760
           34.352           19.546            1.740
           35.845           22.707            1.640
           37.339           25.869            1.700
           38.832           29.031            1.700
           40.326           32.193            1.700
           30.369            4.024            1.700
           31.862            7.186            1.740
           33.356           10.348            1.640
           34.849           13.509            1.580
           36.343           16.671            1.740
           37.837           19.833            1.680
           39.330           22.995            1.700
           40.824           26.156            1.700
           42.317           29.318            1.700
           43.811           32.480            1.700
           33.854            4.312            1.680
           35.347            7.473            1.580
           36.841           10.635            1.580
           38.334           13.797            1.580
           39.828           16.959            1.680
           41.322           20.120            1.680
           42.815           23.282            1.700
           44.309           26.444            1.700
           45.802           29.606            1.700
           47.296           32.767            1.700
