            2.489            1.725            2.160
            3.983            4.886            2.160
            5.476            8.048            2.160
            6.970           11.210            2.160
            8.463           14.372            2.180
            9.957           17.533            2.180
           11.451           20.695            2.180
           12.944           23.857            2.180
           14.438           27.019            2.180
           15.931           30.181            2.160
            5.974            2.012            2.160
            7.468            5.174            2.180
            8.961            8.336            2.200
           10.455           11.497            2.200
           11.948           14.659            2.180
           13.442           17.821            2.180
           14.936           20.983            2.180
           16.429           24.144            2.180
           17.923           27.306            2.160
           19.416           30.468            2.160
            9.459            2.299            2.180
           10.953            5.461            2.200
           12.446            8.623            2.200
           13.940           11.785            2.180
           15.433           14.947            2.180
           16.927           18.108            2.180
           18.420           21.270            2.180
           19.914           24.432            2.160
           21.408           27.594            2.160
           22.901           30.755            2.160
           12.944            2.587            2.180
           14.438            5.749            2.200
           15.931            8.910            2.200
           17.425           12.072            2.200
           18.918           15.234            2.180
           20.412           18.396            2.180
           21.905           21.558            2.160
           23.399           24.719            2.160
           24.893           27.881            2.160
           26.386           31.043            2.160
           16.429            2.874            2.200
           17.923            6.036            2.200
           19.416            9.198            2.200
           20.910           12.360            2.180
           22.403           15.521            2.180
           23.897           18.683            2.180
           25.390           21.845            2.160
           26.884           25.007            2.160
           28.377           28.169            2.160
           29.871           31.330            2.160
           19.914            3.162            2.180
           21.408            6.324            2.180
           22.901            9.485            2.180
           24.395           12.647            2.180
           25.888           15.809            2.180
           27.382           18.971            2.160
           28.875           22.132            2.160
           30.369           25.294            2.160
           31.862           28.456            2.160
           33.356           31.618            2.160
           23.399            3.449            2.180
           24.892            6.611            2.180
           26.386            9.773            2.180
           27.880           12.935            2.180
           29.373           16.096            2.160
           30.867           19.258            2.140
           32.360           22.420            2.160
           33.854           25.582            2.140
           35.347           28.743            2.140
           36.841           31.905            2.180
           26.884            3.737            2.180
           28.377            6.898            2.180
           29.871           10.060            2.180
           31.365           13.222            2.180
           32.858           16.384            2.160
           34.352           19.546            2.140
           35.845           22.707            2.160
           37.339           25.869            2.140
           38.832           29.031            2.160
           40.326           32.193            2.180
           30.369            4.024            2.180
           31.862            7.186            2.180
           33.356           10.348            2.180
           34.849           13.509            2.160
           36.343           16.671            2.160
           37.837           19.833            2.160
           39.330           22.995            2.180
           40.824           26.156            2.160
           42.317           29.318            2.160
           43.811           32.480            2.180
           33.854            4.312            2.160
           35.347            7.473            2.160
           36.841           10.635            2.160
           38.334           13.797            2.160
           39.828           16.959            2.160
           41.322           20.120            2.180
           42.815           23.282            2.180
           44.309           26.444            2.180
           45.802           29.606            2.180
           47.296           32.767            2.180
