            2.489            1.725            2.520
            3.983            4.886            2.540
            5.476            8.048            2.780
            6.970           11.210            2.840
            8.463           14.372            2.860
            9.957           17.533            2.860
           11.451           20.695            2.820
           12.944           23.857            2.820
           14.438           27.019            2.560
           15.931           30.181            2.540
            5.974            2.012            2.540
            7.468            5.174            2.780
            8.961            8.336            2.880
           10.455           11.497            2.860
           11.948           14.659            2.860
           13.442           17.821            2.860
           14.936           20.983            2.820
           16.429           24.144            2.820
           17.923           27.306            2.820
           19.416           30.468            2.540
            9.459            2.299            2.780
           10.953            5.461            2.880
           12.446            8.623            2.920
           13.940           11.785            2.520
           15.433           14.947            2.860
           16.927           18.108            2.860
           18.420           21.270            2.820
           19.914           24.432            2.740
           21.408           27.594            2.720
           22.901           30.755            2.720
           12.944            2.587            2.840
           14.438            5.749            2.880
           15.931            8.910            2.520
           17.425           12.072            2.520
           18.918           15.234            2.740
           20.412           18.396            2.740
           21.905           21.558            2.740
           23.399           24.719            2.740
           24.893           27.881            2.740
           26.386           31.043            2.720
           16.429            2.874            2.900
           17.923            6.036            2.820
           19.416            9.198            2.840
           20.910           12.360            2.820
           22.403           15.521            2.740
           23.897           18.683            2.740
           25.390           21.845            2.620
           26.884           25.007            2.740
           28.377           28.169            2.740
           29.871           31.330            2.720
           19.914            3.162            2.820
           21.408            6.324            2.820
           22.901            9.485            2.820
           24.395           12.647            2.740
           25.888           15.809            2.740
           27.382           18.971            2.620
           28.875           22.132            2.620
           30.369           25.294            2.620
           31.862           28.456            2.620
           33.356           31.618            2.620
           23.399            3.449            2.620
           24.892            6.611            2.700
           26.386            9.773            2.700
           27.880           12.935            2.640
           29.373           16.096            2.620
           30.867           19.258            2.620
           32.360           22.420            2.620
           33.854           25.582            2.620
           35.347           28.743            2.620
           36.841           31.905            2.620
           26.884            3.737            2.700
           28.377            6.898            2.700
           29.871           10.060            2.720
           31.365           13.222            2.720
           32.858           16.384            2.620
           34.352           19.546            2.620
           35.845           22.707            2.620
           37.339           25.869            2.620
           38.832           29.031            2.620
           40.326           32.193            2.620
           30.369            4.024            2.700
           31.862            7.186            2.800
           33.356           10.348            2.720
           34.849           13.509            2.720
           36.343           16.671            2.720
           37.837           19.833            2.620
           39.330           22.995            2.620
           40.824           26.156            2.620
           42.317           29.318            2.620
           43.811           32.480            2.620
           33.854            4.312            2.540
           35.347            7.473            2.540
           36.841           10.635            2.720
           38.334           13.797            2.720
           39.828           16.959            2.720
           41.322           20.120            2.760
           42.815           23.282            2.620
           44.309           26.444            2.620
           45.802           29.606            2.620
           47.296           32.767            2.560
