            2.489            1.725            1.940
            3.983            4.886            1.920
            5.476            8.048            1.920
            6.970           11.210            1.920
            8.463           14.372            1.940
            9.957           17.533            1.940
           11.451           20.695            2.060
           12.944           23.857            2.060
           14.438           27.019            1.940
           15.931           30.181            1.940
            5.974            2.012            1.920
            7.468            5.174            1.920
            8.961            8.336            1.920
           10.455           11.497            2.000
           11.948           14.659            1.940
           13.442           17.821            1.940
           14.936           20.983            1.940
           16.429           24.144            1.940
           17.923           27.306            1.940
           19.416           30.468            1.920
            9.459            2.299            1.920
           10.953            5.461            2.000
           12.446            8.623            2.000
           13.940           11.785            1.720
           15.433           14.947            1.940
           16.927           18.108            1.940
           18.420           21.270            1.940
           19.914           24.432            1.940
           21.408           27.594            1.920
           22.901           30.755            1.920
           12.944            2.587            1.920
           14.438            5.749            2.000
           15.931            8.910            1.720
           17.425           12.072            1.720
           18.918           15.234            1.960
           20.412           18.396            1.940
           21.905           21.558            1.940
           23.399           24.719            1.940
           24.893           27.881            1.920
           26.386           31.043            1.920
           16.429            2.874            2.020
           17.923            6.036            2.000
           19.416            9.198            1.980
           20.910           12.360            1.960
           22.403           15.521            1.960
           23.897           18.683            1.960
           25.390           21.845            1.880
           26.884           25.007            1.880
           28.377           28.169            2.040
           29.871           31.330            2.060
           19.914            3.162            2.060
           21.408            6.324            1.940
           22.901            9.485            1.940
           24.395           12.647            2.060
           25.888           15.809            1.960
           27.382           18.971            1.880
           28.875           22.132            1.880
           30.369           25.294            1.880
           31.862           28.456            1.880
           33.356           31.618            2.080
           23.399            3.449            2.060
           24.892            6.611            1.960
           26.386            9.773            1.960
           27.880           12.935            1.940
           29.373           16.096            1.960
           30.867           19.258            1.880
           32.360           22.420            1.880
           33.854           25.582            1.880
           35.347           28.743            1.880
           36.841           31.905            2.060
           26.884            3.737            2.060
           28.377            6.898            1.960
           29.871           10.060            1.900
           31.365           13.222            1.960
           32.858           16.384            1.960
           34.352           19.546            1.880
           35.845           22.707            1.880
           37.339           25.869            1.880
           38.832           29.031            2.040
           40.326           32.193            2.060
           30.369            4.024            1.900
           31.862            7.186            1.900
           33.356           10.348            1.940
           34.849           13.509            1.940
           36.343           16.671            1.960
           37.837           19.833            2.040
           39.330           22.995            1.880
           40.824           26.156            2.040
           42.317           29.318            2.060
           43.811           32.480            2.060
           33.854            4.312            1.900
           35.347            7.473            1.920
           36.841           10.635            1.920
           38.334           13.797            1.940
           39.828           16.959            1.960
           41.322           20.120            2.040
           42.815           23.282            2.060
           44.309           26.444            2.060
           45.802           29.606            2.060
           47.296           32.767            2.060
