            2.489            1.725            1.960
            3.983            4.886            1.980
            5.476            8.048            1.920
            6.970           11.210            2.020
            8.463           14.372            2.080
            9.957           17.533            2.140
           11.451           20.695            2.060
           12.944           23.857            1.980
           14.438           27.019            1.960
           15.931           30.181            1.960
            5.974            2.012            1.920
            7.468            5.174            1.920
            8.961            8.336            2.140
           10.455           11.497            2.220
           11.948           14.659            2.340
           13.442           17.821            2.260
           14.936           20.983            1.960
           16.429           24.144            1.920
           17.923           27.306            1.960
           19.416           30.468            1.960
            9.459            2.299            1.920
           10.953            5.461            2.160
           12.446            8.623            1.920
           13.940           11.785            2.040
           15.433           14.947            2.040
           16.927           18.108            2.080
           18.420           21.270            1.960
           19.914           24.432            2.180
           21.408           27.594            1.920
           22.901           30.755            1.920
           12.944            2.587            2.020
           14.438            5.749            2.220
           15.931            8.910            2.040
           17.425           12.072            1.860
           18.918           15.234            2.040
           20.412           18.396            2.080
           21.905           21.558            2.060
           23.399           24.719            2.020
           24.893           27.881            2.020
           26.386           31.043            2.020
           16.429            2.874            2.200
           17.923            6.036            2.240
           19.416            9.198            2.040
           20.910           12.360            2.040
           22.403           15.521            2.240
           23.897           18.683            2.180
           25.390           21.845            2.060
           26.884           25.007            2.200
           28.377           28.169            2.200
           29.871           31.330            2.020
           19.914            3.162            2.040
           21.408            6.324            2.060
           22.901            9.485            2.240
           24.395           12.647            2.060
           25.888           15.809            2.180
           27.382           18.971            2.200
           28.875           22.132            2.060
           30.369           25.294            2.200
           31.862           28.456            2.220
           33.356           31.618            2.220
           23.399            3.449            2.040
           24.892            6.611            2.040
           26.386            9.773            1.960
           27.880           12.935            2.060
           29.373           16.096            2.200
           30.867           19.258            2.200
           32.360           22.420            2.060
           33.854           25.582            2.200
           35.347           28.743            2.200
           36.841           31.905            2.200
           26.884            3.737            2.180
           28.377            6.898            2.160
           29.871           10.060            2.060
           31.365           13.222            2.020
           32.858           16.384            2.200
           34.352           19.546            2.200
           35.845           22.707            2.120
           37.339           25.869            2.120
           38.832           29.031            2.120
           40.326           32.193            2.120
           30.369            4.024            1.960
           31.862            7.186            2.000
           33.356           10.348            1.920
           34.849           13.509            2.020
           36.343           16.671            2.060
           37.837           19.833            2.120
           39.330           22.995            2.120
           40.824           26.156            2.120
           42.317           29.318            2.120
           43.811           32.480            1.980
           33.854            4.312            1.960
           35.347            7.473            1.960
           36.841           10.635            1.920
           38.334           13.797            2.020
           39.828           16.959            2.020
           41.322           20.120            2.120
           42.815           23.282            2.120
           44.309           26.444            2.120
           45.802           29.606            1.980
           47.296           32.767            1.960
