            2.489            1.725            2.920
            3.983            4.886            3.020
            5.476            8.048            3.040
            6.970           11.210            3.040
            8.463           14.372            3.080
            9.957           17.533            2.960
           11.451           20.695            2.860
           12.944           23.857            2.860
           14.438           27.019            2.860
           15.931           30.181            2.940
            5.974            2.012            2.920
            7.468            5.174            2.940
            8.961            8.336            3.040
           10.455           11.497            3.060
           11.948           14.659            2.960
           13.442           17.821            2.960
           14.936           20.983            2.860
           16.429           24.144            2.860
           17.923           27.306            2.860
           19.416           30.468            2.940
            9.459            2.299            2.920
           10.953            5.461            2.940
           12.446            8.623            2.960
           13.940           11.785            2.980
           15.433           14.947            2.980
           16.927           18.108            2.960
           18.420           21.270            2.860
           19.914           24.432            2.860
           21.408           27.594            2.940
           22.901           30.755            2.920
           12.944            2.587            2.940
           14.438            5.749            2.960
           15.931            8.910            2.980
           17.425           12.072            3.100
           18.918           15.234            3.080
           20.412           18.396            2.960
           21.905           21.558            2.860
           23.399           24.719            2.940
           24.893           27.881            2.940
           26.386           31.043            2.920
           16.429            2.874            2.960
           17.923            6.036            2.980
           19.416            9.198            3.100
           20.910           12.360            3.100
           22.403           15.521            2.940
           23.897           18.683            2.960
           25.390           21.845            2.960
           26.884           25.007            2.940
           28.377           28.169            2.940
           29.871           31.330            2.920
           19.914            3.162            2.920
           21.408            6.324            3.080
           22.901            9.485            3.080
           24.395           12.647            3.060
           25.888           15.809            3.040
           27.382           18.971            2.960
           28.875           22.132            2.960
           30.369           25.294            2.940
           31.862           28.456            2.940
           33.356           31.618            2.940
           23.399            3.449            2.860
           24.892            6.611            2.980
           26.386            9.773            3.080
           27.880           12.935            3.020
           29.373           16.096            2.940
           30.867           19.258            2.960
           32.360           22.420            2.760
           33.854           25.582            2.760
           35.347           28.743            2.920
           36.841           31.905            2.840
           26.884            3.737            2.860
           28.377            6.898            2.980
           29.871           10.060            3.020
           31.365           13.222            2.960
           32.858           16.384            2.940
           34.352           19.546            2.760
           35.845           22.707            2.760
           37.339           25.869            2.760
           38.832           29.031            2.720
           40.326           32.193            2.840
           30.369            4.024            2.960
           31.862            7.186            3.040
           33.356           10.348            3.020
           34.849           13.509            2.940
           36.343           16.671            2.940
           37.837           19.833            2.960
           39.330           22.995            2.940
           40.824           26.156            2.860
           42.317           29.318            2.860
           43.811           32.480            2.860
           33.854            4.312            2.960
           35.347            7.473            3.020
           36.841           10.635            3.020
           38.334           13.797            3.040
           39.828           16.959            3.080
           41.322           20.120            2.960
           42.815           23.282            2.860
           44.309           26.444            2.860
           45.802           29.606            2.860
           47.296           32.767            2.860
