            2.489            1.725            0.900
            3.983            4.886            0.900
            5.476            8.048            0.900
            6.970           11.210            0.900
            8.463           14.372            0.900
            9.957           17.533            0.900
           11.451           20.695            0.900
           12.944           23.857            0.900
           14.438           27.019            0.900
           15.931           30.181            0.920
            5.974            2.012            0.900
            7.468            5.174            0.900
            8.961            8.336            0.900
           10.455           11.497            0.900
           11.948           14.659            0.900
           13.442           17.821            0.900
           14.936           20.983            0.900
           16.429           24.144            0.900
           17.923           27.306            0.900
           19.416           30.468            0.900
            9.459            2.299            0.900
           10.953            5.461            0.900
           12.446            8.623            0.900
           13.940           11.785            0.900
           15.433           14.947            0.900
           16.927           18.108            0.900
           18.420           21.270            0.900
           19.914           24.432            0.900
           21.408           27.594            0.900
           22.901           30.755            0.900
           12.944            2.587            0.900
           14.438            5.749            0.900
           15.931            8.910            0.900
           17.425           12.072            0.900
           18.918           15.234            0.900
           20.412           18.396            0.900
           21.905           21.558            0.900
           23.399           24.719            0.900
           24.893           27.881            0.900
           26.386           31.043            0.900
           16.429            2.874            0.900
           17.923            6.036            0.900
           19.416            9.198            0.900
           20.910           12.360            0.900
           22.403           15.521            0.920
           23.897           18.683            0.900
           25.390           21.845            0.920
           26.884           25.007            0.920
           28.377           28.169            0.920
           29.871           31.330            0.920
           19.914            3.162            0.900
           21.408            6.324            0.900
           22.901            9.485            0.900
           24.395           12.647            0.900
           25.888           15.809            0.900
           27.382           18.971            0.920
           28.875           22.132            0.920
           30.369           25.294            0.920
           31.862           28.456            0.920
           33.356           31.618            0.900
           23.399            3.449            0.900
           24.892            6.611            0.900
           26.386            9.773            0.900
           27.880           12.935            0.900
           29.373           16.096            0.920
           30.867           19.258            0.920
           32.360           22.420            0.920
           33.854           25.582            0.920
           35.347           28.743            0.920
           36.841           31.905            0.900
           26.884            3.737            0.900
           28.377            6.898            0.900
           29.871           10.060            0.900
           31.365           13.222            0.920
           32.858           16.384            0.920
           34.352           19.546            0.920
           35.845           22.707            0.920
           37.339           25.869            0.920
           38.832           29.031            0.900
           40.326           32.193            0.900
           30.369            4.024            0.900
           31.862            7.186            0.920
           33.356           10.348            0.920
           34.849           13.509            0.920
           36.343           16.671            0.920
           37.837           19.833            0.920
           39.330           22.995            0.920
           40.824           26.156            0.900
           42.317           29.318            0.900
           43.811           32.480            0.900
           33.854            4.312            0.920
           35.347            7.473            0.920
           36.841           10.635            0.920
           38.334           13.797            0.900
           39.828           16.959            0.920
           41.322           20.120            0.920
           42.815           23.282            0.900
           44.309           26.444            0.900
           45.802           29.606            0.900
           47.296           32.767            0.900
