            2.489            1.725            2.040
            3.983            4.886            2.080
            5.476            8.048            2.100
            6.970           11.210            2.100
            8.463           14.372            2.160
            9.957           17.533            2.120
           11.451           20.695            2.100
           12.944           23.857            2.060
           14.438           27.019            2.040
           15.931           30.181            2.020
            5.974            2.012            2.100
            7.468            5.174            2.080
            8.961            8.336            2.100
           10.455           11.497            2.040
           11.948           14.659            2.060
           13.442           17.821            2.040
           14.936           20.983            2.100
           16.429           24.144            2.040
           17.923           27.306            2.040
           19.416           30.468            2.040
            9.459            2.299            2.120
           10.953            5.461            2.100
           12.446            8.623            2.040
           13.940           11.785            2.040
           15.433           14.947            2.060
           16.927           18.108            2.060
           18.420           21.270            2.100
           19.914           24.432            2.040
           21.408           27.594            2.040
           22.901           30.755            2.100
           12.944            2.587            2.100
           14.438            5.749            2.040
           15.931            8.910            2.040
           17.425           12.072            2.040
           18.918           15.234            2.060
           20.412           18.396            2.040
           21.905           21.558            2.100
           23.399           24.719            2.060
           24.893           27.881            2.120
           26.386           31.043            2.100
           16.429            2.874            2.120
           17.923            6.036            2.060
           19.416            9.198            2.060
           20.910           12.360            2.060
           22.403           15.521            2.060
           23.897           18.683            2.120
           25.390           21.845            2.120
           26.884           25.007            2.220
           28.377           28.169            2.220
           29.871           31.330            2.100
           19.914            3.162            2.120
           21.408            6.324            2.040
           22.901            9.485            2.040
           24.395           12.647            2.060
           25.888           15.809            2.160
           27.382           18.971            2.120
           28.875           22.132            2.120
           30.369           25.294            2.120
           31.862           28.456            2.120
           33.356           31.618            2.120
           23.399            3.449            2.100
           24.892            6.611            2.100
           26.386            9.773            2.100
           27.880           12.935            2.120
           29.373           16.096            2.200
           30.867           19.258            2.120
           32.360           22.420            2.080
           33.854           25.582            2.080
           35.347           28.743            2.080
           36.841           31.905            2.080
           26.884            3.737            2.060
           28.377            6.898            2.080
           29.871           10.060            2.080
           31.365           13.222            2.100
           32.858           16.384            2.220
           34.352           19.546            2.120
           35.845           22.707            2.080
           37.339           25.869            2.080
           38.832           29.031            2.060
           40.326           32.193            2.060
           30.369            4.024            2.040
           31.862            7.186            2.040
           33.356           10.348            2.040
           34.849           13.509            2.080
           36.343           16.671            2.100
           37.837           19.833            2.200
           39.330           22.995            2.080
           40.824           26.156            2.060
           42.317           29.318            2.040
           43.811           32.480            2.040
           33.854            4.312            2.020
           35.347            7.473            2.040
           36.841           10.635            2.080
           38.334           13.797            2.100
           39.828           16.959            2.100
           41.322           20.120            2.180
           42.815           23.282            2.080
           44.309           26.444            2.060
           45.802           29.606            2.040
           47.296           32.767            2.040
