            2.489            1.725            2.080
            3.983            4.886            1.980
            5.476            8.048            1.980
            6.970           11.210            2.080
            8.463           14.372            2.080
            9.957           17.533            2.080
           11.451           20.695            2.080
           12.944           23.857            2.040
           14.438           27.019            2.040
           15.931           30.181            2.080
            5.974            2.012            1.980
            7.468            5.174            1.980
            8.961            8.336            2.080
           10.455           11.497            2.080
           11.948           14.659            2.080
           13.442           17.821            2.080
           14.936           20.983            2.080
           16.429           24.144            2.080
           17.923           27.306            2.080
           19.416           30.468            2.080
            9.459            2.299            1.980
           10.953            5.461            2.080
           12.446            8.623            1.800
           13.940           11.785            2.080
           15.433           14.947            2.080
           16.927           18.108            2.080
           18.420           21.270            2.080
           19.914           24.432            2.080
           21.408           27.594            1.980
           22.901           30.755            1.980
           12.944            2.587            1.980
           14.438            5.749            2.080
           15.931            8.910            2.080
           17.425           12.072            2.100
           18.918           15.234            2.080
           20.412           18.396            2.080
           21.905           21.558            2.080
           23.399           24.719            1.980
           24.893           27.881            1.980
           26.386           31.043            1.980
           16.429            2.874            2.080
           17.923            6.036            2.080
           19.416            9.198            2.080
           20.910           12.360            2.100
           22.403           15.521            2.080
           23.897           18.683            2.080
           25.390           21.845            2.080
           26.884           25.007            2.080
           28.377           28.169            2.080
           29.871           31.330            2.080
           19.914            3.162            2.080
           21.408            6.324            2.080
           22.901            9.485            2.080
           24.395           12.647            2.080
           25.888           15.809            2.080
           27.382           18.971            2.080
           28.875           22.132            2.080
           30.369           25.294            2.060
           31.862           28.456            2.060
           33.356           31.618            2.080
           23.399            3.449            2.060
           24.892            6.611            2.080
           26.386            9.773            2.060
           27.880           12.935            2.080
           29.373           16.096            2.080
           30.867           19.258            2.060
           32.360           22.420            2.080
           33.854           25.582            1.720
           35.347           28.743            1.720
           36.841           31.905            2.040
           26.884            3.737            2.040
           28.377            6.898            2.060
           29.871           10.060            2.080
           31.365           13.222            1.980
           32.858           16.384            2.080
           34.352           19.546            2.080
           35.845           22.707            1.720
           37.339           25.869            1.720
           38.832           29.031            1.720
           40.326           32.193            2.040
           30.369            4.024            2.040
           31.862            7.186            2.080
           33.356           10.348            1.980
           34.849           13.509            1.980
           36.343           16.671            2.080
           37.837           19.833            2.080
           39.330           22.995            1.720
           40.824           26.156            1.720
           42.317           29.318            1.720
           43.811           32.480            2.040
           33.854            4.312            2.080
           35.347            7.473            2.080
           36.841           10.635            1.980
           38.334           13.797            1.980
           39.828           16.959            2.080
           41.322           20.120            2.080
           42.815           23.282            2.040
           44.309           26.444            2.040
           45.802           29.606            2.040
           47.296           32.767            2.040
