            2.489            1.725            1.190
            3.983            4.886            1.190
            5.476            8.048            1.190
            6.970           11.210            1.180
            8.463           14.372            1.180
            9.957           17.533            1.180
           11.451           20.695            1.180
           12.944           23.857            1.190
           14.438           27.019            1.190
           15.931           30.181            1.190
            5.974            2.012            1.190
            7.468            5.174            1.180
            8.961            8.336            1.180
           10.455           11.497            1.180
           11.948           14.659            1.180
           13.442           17.821            1.180
           14.936           20.983            1.180
           16.429           24.144            1.190
           17.923           27.306            1.190
           19.416           30.468            1.190
            9.459            2.299            1.190
           10.953            5.461            1.180
           12.446            8.623            1.180
           13.940           11.785            1.180
           15.433           14.947            1.180
           16.927           18.108            1.180
           18.420           21.270            1.180
           19.914           24.432            1.190
           21.408           27.594            1.190
           22.901           30.755            1.190
           12.944            2.587            1.180
           14.438            5.749            1.180
           15.931            8.910            1.180
           17.425           12.072            1.180
           18.918           15.234            1.180
           20.412           18.396            1.180
           21.905           21.558            1.190
           23.399           24.719            1.190
           24.893           27.881            1.190
           26.386           31.043            1.190
           16.429            2.874            1.180
           17.923            6.036            1.180
           19.416            9.198            1.180
           20.910           12.360            1.180
           22.403           15.521            1.180
           23.897           18.683            1.180
           25.390           21.845            1.190
           26.884           25.007            1.190
           28.377           28.169            1.190
           29.871           31.330            1.190
           19.914            3.162            1.180
           21.408            6.324            1.180
           22.901            9.485            1.180
           24.395           12.647            1.180
           25.888           15.809            1.180
           27.382           18.971            1.190
           28.875           22.132            1.190
           30.369           25.294            1.190
           31.862           28.456            1.190
           33.356           31.618            1.190
           23.399            3.449            1.180
           24.892            6.611            1.180
           26.386            9.773            1.180
           27.880           12.935            1.190
           29.373           16.096            1.190
           30.867           19.258            1.190
           32.360           22.420            1.200
           33.854           25.582            1.200
           35.347           28.743            1.190
           36.841           31.905            1.190
           26.884            3.737            1.190
           28.377            6.898            1.190
           29.871           10.060            1.190
           31.365           13.222            1.190
           32.858           16.384            1.190
           34.352           19.546            1.190
           35.845           22.707            1.200
           37.339           25.869            1.190
           38.832           29.031            1.190
           40.326           32.193            1.190
           30.369            4.024            1.190
           31.862            7.186            1.190
           33.356           10.348            1.190
           34.849           13.509            1.190
           36.343           16.671            1.190
           37.837           19.833            1.190
           39.330           22.995            1.190
           40.824           26.156            1.190
           42.317           29.318            1.190
           43.811           32.480            1.190
           33.854            4.312            1.190
           35.347            7.473            1.190
           36.841           10.635            1.190
           38.334           13.797            1.190
           39.828           16.959            1.190
           41.322           20.120            1.190
           42.815           23.282            1.190
           44.309           26.444            1.190
           45.802           29.606            1.190
           47.296           32.767            1.190
