            2.489            1.725            1.890
            3.983            4.886            1.900
            5.476            8.048            1.900
            6.970           11.210            1.900
            8.463           14.372            1.910
            9.957           17.533            2.050
           11.451           20.695            1.900
           12.944           23.857            1.900
           14.438           27.019            1.890
           15.931           30.181            1.890
            5.974            2.012            1.900
            7.468            5.174            1.900
            8.961            8.336            1.850
           10.455           11.497            1.850
           11.948           14.659            2.050
           13.442           17.821            2.050
           14.936           20.983            1.850
           16.429           24.144            1.890
           17.923           27.306            1.890
           19.416           30.468            1.890
            9.459            2.299            1.900
           10.953            5.461            1.850
           12.446            8.623            1.840
           13.940           11.785            1.840
           15.433           14.947            2.070
           16.927           18.108            2.050
           18.420           21.270            1.850
           19.914           24.432            1.900
           21.408           27.594            1.900
           22.901           30.755            1.900
           12.944            2.587            1.900
           14.438            5.749            1.850
           15.931            8.910            1.840
           17.425           12.072            1.840
           18.918           15.234            2.070
           20.412           18.396            1.850
           21.905           21.558            1.900
           23.399           24.719            1.900
           24.893           27.881            1.900
           26.386           31.043            1.900
           16.429            2.874            2.080
           17.923            6.036            2.080
           19.416            9.198            2.070
           20.910           12.360            2.070
           22.403           15.521            2.080
           23.897           18.683            2.100
           25.390           21.845            2.100
           26.884           25.007            2.130
           28.377           28.169            2.140
           29.871           31.330            1.970
           19.914            3.162            1.840
           21.408            6.324            2.030
           22.901            9.485            2.050
           24.395           12.647            2.050
           25.888           15.809            2.170
           27.382           18.971            2.110
           28.875           22.132            2.110
           30.369           25.294            2.130
           31.862           28.456            2.130
           33.356           31.618            2.140
           23.399            3.449            1.890
           24.892            6.611            1.840
           26.386            9.773            1.910
           27.880           12.935            1.900
           29.373           16.096            2.110
           30.867           19.258            2.110
           32.360           22.420            2.070
           33.854           25.582            2.060
           35.347           28.743            1.890
           36.841           31.905            1.890
           26.884            3.737            1.890
           28.377            6.898            1.880
           29.871           10.060            1.900
           31.365           13.222            1.900
           32.858           16.384            2.110
           34.352           19.546            2.110
           35.845           22.707            2.070
           37.339           25.869            1.890
           38.832           29.031            1.890
           40.326           32.193            1.890
           30.369            4.024            1.950
           31.862            7.186            1.890
           33.356           10.348            1.900
           34.849           13.509            1.900
           36.343           16.671            1.920
           37.837           19.833            2.110
           39.330           22.995            1.890
           40.824           26.156            1.890
           42.317           29.318            1.960
           43.811           32.480            1.950
           33.854            4.312            1.890
           35.347            7.473            1.890
           36.841           10.635            1.900
           38.334           13.797            1.900
           39.828           16.959            1.960
           41.322           20.120            2.110
           42.815           23.282            1.900
           44.309           26.444            1.890
           45.802           29.606            1.950
           47.296           32.767            1.950
