            2.489            1.725            1.540
            3.983            4.886            1.650
            5.476            8.048            1.650
            6.970           11.210            1.650
            8.463           14.372            1.680
            9.957           17.533            1.860
           11.451           20.695            1.710
           12.944           23.857            1.710
           14.438           27.019            1.710
           15.931           30.181            1.530
            5.974            2.012            1.650
            7.468            5.174            1.650
            8.961            8.336            1.650
           10.455           11.497            1.650
           11.948           14.659            1.530
           13.442           17.821            1.810
           14.936           20.983            1.580
           16.429           24.144            1.580
           17.923           27.306            1.630
           19.416           30.468            1.630
            9.459            2.299            1.650
           10.953            5.461            1.650
           12.446            8.623            1.520
           13.940           11.785            1.520
           15.433           14.947            1.530
           16.927           18.108            1.770
           18.420           21.270            1.580
           19.914           24.432            1.650
           21.408           27.594            1.630
           22.901           30.755            1.650
           12.944            2.587            1.650
           14.438            5.749            1.650
           15.931            8.910            1.520
           17.425           12.072            1.520
           18.918           15.234            1.530
           20.412           18.396            1.750
           21.905           21.558            1.710
           23.399           24.719            1.650
           24.893           27.881            1.640
           26.386           31.043            1.640
           16.429            2.874            1.690
           17.923            6.036            1.530
           19.416            9.198            1.530
           20.910           12.360            1.530
           22.403           15.521            1.760
           23.897           18.683            1.650
           25.390           21.845            1.640
           26.884           25.007            1.640
           28.377           28.169            1.650
           29.871           31.330            1.640
           19.914            3.162            1.650
           21.408            6.324            1.780
           22.901            9.485            1.760
           24.395           12.647            1.750
           25.888           15.809            1.760
           27.382           18.971            1.960
           28.875           22.132            1.640
           30.369           25.294            1.640
           31.862           28.456            1.640
           33.356           31.618            1.650
           23.399            3.449            1.710
           24.892            6.611            1.580
           26.386            9.773            1.580
           27.880           12.935            1.640
           29.373           16.096            1.640
           30.867           19.258            1.650
           32.360           22.420            1.640
           33.854           25.582            1.710
           35.347           28.743            1.710
           36.841           31.905            1.710
           26.884            3.737            1.710
           28.377            6.898            1.580
           29.871           10.060            1.640
           31.365           13.222            1.640
           32.858           16.384            1.640
           34.352           19.546            1.640
           35.845           22.707            1.640
           37.339           25.869            1.710
           38.832           29.031            1.710
           40.326           32.193            1.710
           30.369            4.024            1.710
           31.862            7.186            1.640
           33.356           10.348            1.640
           34.849           13.509            1.640
           36.343           16.671            1.640
           37.837           19.833            1.650
           39.330           22.995            1.710
           40.824           26.156            1.710
           42.317           29.318            1.710
           43.811           32.480            1.710
           33.854            4.312            1.530
           35.347            7.473            1.630
           36.841           10.635            1.640
           38.334           13.797            1.640
           39.828           16.959            1.650
           41.322           20.120            1.860
           42.815           23.282            1.710
           44.309           26.444            1.710
           45.802           29.606            1.710
           47.296           32.767            1.710
