            2.489            1.725            1.900
            3.983            4.886            1.900
            5.476            8.048            2.010
            6.970           11.210            2.010
            8.463           14.372            2.200
            9.957           17.533            2.260
           11.451           20.695            2.060
           12.944           23.857            1.900
           14.438           27.019            1.900
           15.931           30.181            1.890
            5.974            2.012            1.900
            7.468            5.174            1.900
            8.961            8.336            2.140
           10.455           11.497            1.850
           11.948           14.659            2.060
           13.442           17.821            2.050
           14.936           20.983            1.940
           16.429           24.144            1.900
           17.923           27.306            1.900
           19.416           30.468            1.900
            9.459            2.299            1.900
           10.953            5.461            2.060
           12.446            8.623            1.850
           13.940           11.785            1.850
           15.433           14.947            2.080
           16.927           18.108            2.050
           18.420           21.270            1.940
           19.914           24.432            1.900
           21.408           27.594            1.900
           22.901           30.755            1.900
           12.944            2.587            2.010
           14.438            5.749            1.850
           15.931            8.910            1.850
           17.425           12.072            1.840
           18.918           15.234            2.080
           20.412           18.396            1.850
           21.905           21.558            2.060
           23.399           24.719            2.010
           24.893           27.881            2.010
           26.386           31.043            2.010
           16.429            2.874            2.240
           17.923            6.036            2.080
           19.416            9.198            2.060
           20.910           12.360            2.060
           22.403           15.521            2.080
           23.897           18.683            2.250
           25.390           21.845            2.250
           26.884           25.007            2.240
           28.377           28.169            2.240
           29.871           31.330            2.190
           19.914            3.162            2.040
           21.408            6.324            2.030
           22.901            9.485            2.050
           24.395           12.647            2.250
           25.888           15.809            2.250
           27.382           18.971            2.260
           28.875           22.132            2.280
           30.369           25.294            2.280
           31.862           28.456            2.140
           33.356           31.618            2.240
           23.399            3.449            2.040
           24.892            6.611            1.930
           26.386            9.773            1.940
           27.880           12.935            2.050
           29.373           16.096            2.250
           30.867           19.258            2.220
           32.360           22.420            2.210
           33.854           25.582            2.210
           35.347           28.743            2.040
           36.841           31.905            2.040
           26.884            3.737            1.890
           28.377            6.898            1.890
           29.871           10.060            1.940
           31.365           13.222            2.010
           32.858           16.384            2.210
           34.352           19.546            2.260
           35.845           22.707            2.200
           37.339           25.869            2.040
           38.832           29.031            2.040
           40.326           32.193            2.040
           30.369            4.024            1.960
           31.862            7.186            1.900
           33.356           10.348            1.900
           34.849           13.509            2.010
           36.343           16.671            2.210
           37.837           19.833            2.260
           39.330           22.995            2.040
           40.824           26.156            2.040
           42.317           29.318            1.890
           43.811           32.480            1.960
           33.854            4.312            1.890
           35.347            7.473            1.900
           36.841           10.635            1.900
           38.334           13.797            2.010
           39.828           16.959            2.070
           41.322           20.120            2.230
           42.815           23.282            2.040
           44.309           26.444            2.040
           45.802           29.606            1.900
           47.296           32.767            1.960
