            2.489            1.725            1.800
            3.983            4.886            1.800
            5.476            8.048            1.790
            6.970           11.210            1.790
            8.463           14.372            1.790
            9.957           17.533            1.790
           11.451           20.695            1.790
           12.944           23.857            1.800
           14.438           27.019            1.800
           15.931           30.181            1.800
            5.974            2.012            1.800
            7.468            5.174            1.790
            8.961            8.336            1.790
           10.455           11.497            1.780
           11.948           14.659            1.780
           13.442           17.821            1.780
           14.936           20.983            1.790
           16.429           24.144            1.790
           17.923           27.306            1.800
           19.416           30.468            1.800
            9.459            2.299            1.790
           10.953            5.461            1.790
           12.446            8.623            1.780
           13.940           11.785            1.730
           15.433           14.947            1.790
           16.927           18.108            1.780
           18.420           21.270            1.790
           19.914           24.432            1.800
           21.408           27.594            1.800
           22.901           30.755            1.800
           12.944            2.587            1.790
           14.438            5.749            1.780
           15.931            8.910            1.730
           17.425           12.072            1.730
           18.918           15.234            1.800
           20.412           18.396            1.780
           21.905           21.558            1.790
           23.399           24.719            1.800
           24.893           27.881            1.800
           26.386           31.043            1.800
           16.429            2.874            1.840
           17.923            6.036            1.840
           19.416            9.198            1.800
           20.910           12.360            1.840
           22.403           15.521            1.840
           23.897           18.683            1.790
           25.390           21.845            1.800
           26.884           25.007            1.890
           28.377           28.169            1.890
           29.871           31.330            1.800
           19.914            3.162            1.790
           21.408            6.324            1.780
           22.901            9.485            1.780
           24.395           12.647            1.780
           25.888           15.809            1.840
           27.382           18.971            1.860
           28.875           22.132            1.890
           30.369           25.294            1.850
           31.862           28.456            1.850
           33.356           31.618            1.850
           23.399            3.449            1.790
           24.892            6.611            1.790
           26.386            9.773            1.790
           27.880           12.935            1.790
           29.373           16.096            1.840
           30.867           19.258            1.890
           32.360           22.420            1.840
           33.854           25.582            1.840
           35.347           28.743            1.840
           36.841           31.905            1.800
           26.884            3.737            1.800
           28.377            6.898            1.790
           29.871           10.060            1.830
           31.365           13.222            1.840
           32.858           16.384            1.890
           34.352           19.546            1.890
           35.845           22.707            1.840
           37.339           25.869            1.840
           38.832           29.031            1.840
           40.326           32.193            1.830
           30.369            4.024            1.800
           31.862            7.186            1.800
           33.356           10.348            1.830
           34.849           13.509            1.840
           36.343           16.671            1.890
           37.837           19.833            1.890
           39.330           22.995            1.840
           40.824           26.156            1.840
           42.317           29.318            1.830
           43.811           32.480            1.800
           33.854            4.312            1.800
           35.347            7.473            1.800
           36.841           10.635            1.830
           38.334           13.797            1.840
           39.828           16.959            1.840
           41.322           20.120            1.890
           42.815           23.282            1.840
           44.309           26.444            1.830
           45.802           29.606            1.800
           47.296           32.767            1.800
