            2.489            1.725            2.120
            3.983            4.886            2.110
            5.476            8.048            2.100
            6.970           11.210            2.210
            8.463           14.372            2.240
            9.957           17.533            2.290
           11.451           20.695            2.000
           12.944           23.857            2.130
           14.438           27.019            2.130
           15.931           30.181            2.050
            5.974            2.012            2.120
            7.468            5.174            2.110
            8.961            8.336            2.260
           10.455           11.497            2.050
           11.948           14.659            2.080
           13.442           17.821            2.080
           14.936           20.983            1.960
           16.429           24.144            2.130
           17.923           27.306            2.130
           19.416           30.468            2.120
            9.459            2.299            2.110
           10.953            5.461            2.120
           12.446            8.623            2.050
           13.940           11.785            2.040
           15.433           14.947            2.080
           16.927           18.108            2.080
           18.420           21.270            2.130
           19.914           24.432            1.960
           21.408           27.594            2.130
           22.901           30.755            2.130
           12.944            2.587            2.220
           14.438            5.749            2.050
           15.931            8.910            2.040
           17.425           12.072            2.040
           18.918           15.234            2.410
           20.412           18.396            2.080
           21.905           21.558            2.280
           23.399           24.719            2.240
           24.893           27.881            2.240
           26.386           31.043            2.240
           16.429            2.874            2.560
           17.923            6.036            2.400
           19.416            9.198            2.400
           20.910           12.360            2.400
           22.403           15.521            2.400
           23.897           18.683            2.280
           25.390           21.845            2.240
           26.884           25.007            2.560
           28.377           28.169            2.240
           29.871           31.330            2.240
           19.914            3.162            2.190
           21.408            6.324            2.050
           22.901            9.485            2.080
           24.395           12.647            2.400
           25.888           15.809            2.600
           27.382           18.971            2.560
           28.875           22.132            2.560
           30.369           25.294            2.460
           31.862           28.456            2.460
           33.356           31.618            2.560
           23.399            3.449            2.140
           24.892            6.611            2.140
           26.386            9.773            2.140
           27.880           12.935            2.140
           29.373           16.096            2.220
           30.867           19.258            2.460
           32.360           22.420            2.260
           33.854           25.582            2.260
           35.347           28.743            2.230
           36.841           31.905            2.230
           26.884            3.737            1.960
           28.377            6.898            2.100
           29.871           10.060            2.100
           31.365           13.222            2.210
           32.858           16.384            2.220
           34.352           19.546            2.460
           35.845           22.707            2.260
           37.339           25.869            2.210
           38.832           29.031            2.090
           40.326           32.193            2.110
           30.369            4.024            1.960
           31.862            7.186            1.960
           33.356           10.348            2.100
           34.849           13.509            2.210
           36.343           16.671            2.220
           37.837           19.833            2.600
           39.330           22.995            2.230
           40.824           26.156            2.230
           42.317           29.318            2.060
           43.811           32.480            2.060
           33.854            4.312            2.050
           35.347            7.473            2.060
           36.841           10.635            2.100
           38.334           13.797            2.070
           39.828           16.959            2.560
           41.322           20.120            2.560
           42.815           23.282            2.230
           44.309           26.444            2.080
           45.802           29.606            2.080
           47.296           32.767            2.050
