            2.489            1.725            1.460
            3.983            4.886            1.560
            5.476            8.048            1.570
            6.970           11.210            1.570
            8.463           14.372            1.650
            9.957           17.533            1.630
           11.451           20.695            1.520
           12.944           23.857            1.520
           14.438           27.019            1.470
           15.931           30.181            1.460
            5.974            2.012            1.560
            7.468            5.174            1.570
            8.961            8.336            1.570
           10.455           11.497            1.410
           11.948           14.659            1.520
           13.442           17.821            1.590
           14.936           20.983            1.570
           16.429           24.144            1.510
           17.923           27.306            1.460
           19.416           30.468            1.460
            9.459            2.299            1.570
           10.953            5.461            1.570
           12.446            8.623            1.410
           13.940           11.785            1.490
           15.433           14.947            1.520
           16.927           18.108            1.480
           18.420           21.270            1.580
           19.914           24.432            1.520
           21.408           27.594            1.560
           22.901           30.755            1.560
           12.944            2.587            1.570
           14.438            5.749            1.410
           15.931            8.910            1.490
           17.425           12.072            1.490
           18.918           15.234            1.520
           20.412           18.396            1.710
           21.905           21.558            1.630
           23.399           24.719            1.480
           24.893           27.881            1.490
           26.386           31.043            1.570
           16.429            2.874            1.640
           17.923            6.036            1.520
           19.416            9.198            1.520
           20.910           12.360            1.520
           22.403           15.521            1.680
           23.897           18.683            1.630
           25.390           21.845            1.630
           26.884           25.007            1.640
           28.377           28.169            1.640
           29.871           31.330            1.640
           19.914            3.162            1.630
           21.408            6.324            1.480
           22.901            9.485            1.490
           24.395           12.647            1.710
           25.888           15.809            1.640
           27.382           18.971            1.630
           28.875           22.132            1.640
           30.369           25.294            1.640
           31.862           28.456            1.630
           33.356           31.618            1.630
           23.399            3.449            1.580
           24.892            6.611            1.570
           26.386            9.773            1.570
           27.880           12.935            1.500
           29.373           16.096            1.640
           30.867           19.258            1.640
           32.360           22.420            1.570
           33.854           25.582            1.570
           35.347           28.743            1.560
           36.841           31.905            1.570
           26.884            3.737            1.580
           28.377            6.898            1.570
           29.871           10.060            1.520
           31.365           13.222            1.490
           32.858           16.384            1.640
           34.352           19.546            1.640
           35.845           22.707            1.570
           37.339           25.869            1.560
           38.832           29.031            1.570
           40.326           32.193            1.640
           30.369            4.024            1.470
           31.862            7.186            1.470
           33.356           10.348            1.570
           34.849           13.509            1.570
           36.343           16.671            1.580
           37.837           19.833            1.640
           39.330           22.995            1.570
           40.824           26.156            1.570
           42.317           29.318            1.580
           43.811           32.480            1.550
           33.854            4.312            1.470
           35.347            7.473            1.460
           36.841           10.635            1.570
           38.334           13.797            1.570
           39.828           16.959            1.580
           41.322           20.120            1.640
           42.815           23.282            1.570
           44.309           26.444            1.650
           45.802           29.606            1.550
           47.296           32.767            1.470
