            2.489            1.725            1.810
            3.983            4.886            1.810
            5.476            8.048            1.700
            6.970           11.210            1.800
            8.463           14.372            1.910
            9.957           17.533            2.080
           11.451           20.695            1.760
           12.944           23.857            1.720
           14.438           27.019            1.720
           15.931           30.181            1.770
            5.974            2.012            1.810
            7.468            5.174            1.810
            8.961            8.336            1.800
           10.455           11.497            1.800
           11.948           14.659            2.080
           13.442           17.821            1.910
           14.936           20.983            1.810
           16.429           24.144            1.810
           17.923           27.306            1.810
           19.416           30.468            1.810
            9.459            2.299            1.810
           10.953            5.461            1.810
           12.446            8.623            1.800
           13.940           11.785            1.520
           15.433           14.947            1.800
           16.927           18.108            1.810
           18.420           21.270            1.810
           19.914           24.432            1.810
           21.408           27.594            1.810
           22.901           30.755            1.810
           12.944            2.587            1.810
           14.438            5.749            1.800
           15.931            8.910            1.520
           17.425           12.072            1.520
           18.918           15.234            2.090
           20.412           18.396            1.810
           21.905           21.558            1.810
           23.399           24.719            1.810
           24.893           27.881            1.770
           26.386           31.043            1.700
           16.429            2.874            1.910
           17.923            6.036            1.910
           19.416            9.198            1.800
           20.910           12.360            2.090
           22.403           15.521            2.080
           23.897           18.683            1.810
           25.390           21.845            1.810
           26.884           25.007            2.080
           28.377           28.169            2.080
           29.871           31.330            1.910
           19.914            3.162            1.770
           21.408            6.324            1.810
           22.901            9.485            1.820
           24.395           12.647            1.810
           25.888           15.809            1.810
           27.382           18.971            2.080
           28.875           22.132            2.080
           30.369           25.294            2.080
           31.862           28.456            2.080
           33.356           31.618            2.080
           23.399            3.449            1.760
           24.892            6.611            1.810
           26.386            9.773            1.810
           27.880           12.935            1.810
           29.373           16.096            2.080
           30.867           19.258            2.080
           32.360           22.420            1.760
           33.854           25.582            1.760
           35.347           28.743            1.760
           36.841           31.905            1.760
           26.884            3.737            1.720
           28.377            6.898            1.810
           29.871           10.060            1.810
           31.365           13.222            1.700
           32.858           16.384            2.080
           34.352           19.546            2.080
           35.845           22.707            1.760
           37.339           25.869            1.720
           38.832           29.031            1.710
           40.326           32.193            1.720
           30.369            4.024            1.720
           31.862            7.186            1.760
           33.356           10.348            1.700
           34.849           13.509            1.700
           36.343           16.671            2.080
           37.837           19.833            2.080
           39.330           22.995            1.760
           40.824           26.156            1.710
           42.317           29.318            1.710
           43.811           32.480            1.710
           33.854            4.312            1.760
           35.347            7.473            1.810
           36.841           10.635            1.700
           38.334           13.797            1.700
           39.828           16.959            1.910
           41.322           20.120            2.080
           42.815           23.282            1.760
           44.309           26.444            1.720
           45.802           29.606            1.710
           47.296           32.767            1.720
