            2.489            1.725            1.760
            3.983            4.886            1.760
            5.476            8.048            1.760
            6.970           11.210            1.700
            8.463           14.372            1.650
            9.957           17.533            1.710
           11.451           20.695            1.750
           12.944           23.857            1.760
           14.438           27.019            1.760
           15.931           30.181            1.760
            5.974            2.012            1.760
            7.468            5.174            1.700
            8.961            8.336            1.650
           10.455           11.497            1.650
           11.948           14.659            1.650
           13.442           17.821            1.650
           14.936           20.983            1.650
           16.429           24.144            1.760
           17.923           27.306            1.760
           19.416           30.468            1.760
            9.459            2.299            1.710
           10.953            5.461            1.650
           12.446            8.623            1.650
           13.940           11.785            1.650
           15.433           14.947            1.650
           16.927           18.108            1.650
           18.420           21.270            1.710
           19.914           24.432            1.760
           21.408           27.594            1.760
           22.901           30.755            1.760
           12.944            2.587            1.700
           14.438            5.749            1.650
           15.931            8.910            1.650
           17.425           12.072            1.650
           18.918           15.234            1.650
           20.412           18.396            1.700
           21.905           21.558            1.760
           23.399           24.719            1.760
           24.893           27.881            1.760
           26.386           31.043            1.760
           16.429            2.874            1.650
           17.923            6.036            1.650
           19.416            9.198            1.650
           20.910           12.360            1.650
           22.403           15.521            1.650
           23.897           18.683            1.700
           25.390           21.845            1.760
           26.884           25.007            1.770
           28.377           28.169            1.770
           29.871           31.330            1.760
           19.914            3.162            1.750
           21.408            6.324            1.650
           22.901            9.485            1.650
           24.395           12.647            1.650
           25.888           15.809            1.760
           27.382           18.971            1.760
           28.875           22.132            1.760
           30.369           25.294            1.760
           31.862           28.456            1.760
           33.356           31.618            1.760
           23.399            3.449            1.750
           24.892            6.611            1.650
           26.386            9.773            1.650
           27.880           12.935            1.760
           29.373           16.096            1.760
           30.867           19.258            1.760
           32.360           22.420            1.770
           33.854           25.582            1.770
           35.347           28.743            1.760
           36.841           31.905            1.760
           26.884            3.737            1.760
           28.377            6.898            1.760
           29.871           10.060            1.760
           31.365           13.222            1.760
           32.858           16.384            1.770
           34.352           19.546            1.770
           35.845           22.707            1.770
           37.339           25.869            1.770
           38.832           29.031            1.760
           40.326           32.193            1.760
           30.369            4.024            1.760
           31.862            7.186            1.760
           33.356           10.348            1.760
           34.849           13.509            1.760
           36.343           16.671            1.760
           37.837           19.833            1.760
           39.330           22.995            1.760
           40.824           26.156            1.760
           42.317           29.318            1.760
           43.811           32.480            1.760
           33.854            4.312            1.760
           35.347            7.473            1.760
           36.841           10.635            1.760
           38.334           13.797            1.760
           39.828           16.959            1.760
           41.322           20.120            1.760
           42.815           23.282            1.760
           44.309           26.444            1.760
           45.802           29.606            1.760
           47.296           32.767            1.760
