            2.489            1.725            1.890
            3.983            4.886            1.900
            5.476            8.048            1.900
            6.970           11.210            2.010
            8.463           14.372            2.070
            9.957           17.533            2.000
           11.451           20.695            1.940
           12.944           23.857            1.900
           14.438           27.019            1.890
           15.931           30.181            1.890
            5.974            2.012            1.900
            7.468            5.174            1.900
            8.961            8.336            1.910
           10.455           11.497            1.850
           11.948           14.659            2.050
           13.442           17.821            1.910
           14.936           20.983            1.900
           16.429           24.144            1.900
           17.923           27.306            1.900
           19.416           30.468            1.900
            9.459            2.299            1.900
           10.953            5.461            1.900
           12.446            8.623            1.850
           13.940           11.785            1.840
           15.433           14.947            2.050
           16.927           18.108            2.050
           18.420           21.270            1.900
           19.914           24.432            1.900
           21.408           27.594            1.900
           22.901           30.755            1.900
           12.944            2.587            2.010
           14.438            5.749            1.850
           15.931            8.910            1.840
           17.425           12.072            1.840
           18.918           15.234            2.080
           20.412           18.396            1.850
           21.905           21.558            2.010
           23.399           24.719            1.900
           24.893           27.881            2.010
           26.386           31.043            2.010
           16.429            2.874            2.130
           17.923            6.036            2.080
           19.416            9.198            2.040
           20.910           12.360            2.050
           22.403           15.521            2.080
           23.897           18.683            2.250
           25.390           21.845            2.000
           26.884           25.007            2.240
           28.377           28.169            2.240
           29.871           31.330            2.070
           19.914            3.162            1.930
           21.408            6.324            2.030
           22.901            9.485            2.050
           24.395           12.647            2.050
           25.888           15.809            2.250
           27.382           18.971            2.210
           28.875           22.132            2.220
           30.369           25.294            2.140
           31.862           28.456            2.140
           33.356           31.618            2.230
           23.399            3.449            1.930
           24.892            6.611            1.930
           26.386            9.773            1.930
           27.880           12.935            1.940
           29.373           16.096            2.210
           30.867           19.258            2.110
           32.360           22.420            2.060
           33.854           25.582            1.900
           35.347           28.743            2.040
           36.841           31.905            2.040
           26.884            3.737            1.890
           28.377            6.898            1.890
           29.871           10.060            1.890
           31.365           13.222            2.010
           32.858           16.384            2.210
           34.352           19.546            2.110
           35.845           22.707            2.040
           37.339           25.869            1.900
           38.832           29.031            1.900
           40.326           32.193            1.890
           30.369            4.024            1.900
           31.862            7.186            1.900
           33.356           10.348            1.900
           34.849           13.509            2.000
           36.343           16.671            2.020
           37.837           19.833            2.210
           39.330           22.995            2.040
           40.824           26.156            1.900
           42.317           29.318            1.890
           43.811           32.480            1.960
           33.854            4.312            1.890
           35.347            7.473            1.900
           36.841           10.635            1.900
           38.334           13.797            2.010
           39.828           16.959            2.070
           41.322           20.120            2.190
           42.815           23.282            2.040
           44.309           26.444            1.890
           45.802           29.606            1.900
           47.296           32.767            1.890
