            2.489            1.725            1.460
            3.983            4.886            1.570
            5.476            8.048            1.490
            6.970           11.210            1.570
            8.463           14.372            1.640
            9.957           17.533            1.710
           11.451           20.695            1.650
           12.944           23.857            1.650
           14.438           27.019            1.650
           15.931           30.181            1.460
            5.974            2.012            1.570
            7.468            5.174            1.570
            8.961            8.336            1.570
           10.455           11.497            1.410
           11.948           14.659            1.520
           13.442           17.821            1.720
           14.936           20.983            1.520
           16.429           24.144            1.520
           17.923           27.306            1.560
           19.416           30.468            1.560
            9.459            2.299            1.570
           10.953            5.461            1.570
           12.446            8.623            1.410
           13.940           11.785            1.420
           15.433           14.947            1.520
           16.927           18.108            1.480
           18.420           21.270            1.520
           19.914           24.432            1.430
           21.408           27.594            1.480
           22.901           30.755            1.490
           12.944            2.587            1.570
           14.438            5.749            1.570
           15.931            8.910            1.420
           17.425           12.072            1.480
           18.918           15.234            1.520
           20.412           18.396            1.710
           21.905           21.558            1.560
           23.399           24.719            1.490
           24.893           27.881            1.490
           26.386           31.043            1.490
           16.429            2.874            1.650
           17.923            6.036            1.490
           19.416            9.198            1.520
           20.910           12.360            1.520
           22.403           15.521            1.680
           23.897           18.683            1.630
           25.390           21.845            1.490
           26.884           25.007            1.640
           28.377           28.169            1.640
           29.871           31.330            1.640
           19.914            3.162            1.580
           21.408            6.324            1.720
           22.901            9.485            1.480
           24.395           12.647            1.710
           25.888           15.809            1.640
           27.382           18.971            1.640
           28.875           22.132            1.640
           30.369           25.294            1.640
           31.862           28.456            1.640
           33.356           31.618            1.640
           23.399            3.449            1.520
           24.892            6.611            1.580
           26.386            9.773            1.440
           27.880           12.935            1.490
           29.373           16.096            1.640
           30.867           19.258            1.640
           32.360           22.420            1.490
           33.854           25.582            1.570
           35.347           28.743            1.570
           36.841           31.905            1.580
           26.884            3.737            1.650
           28.377            6.898            1.520
           29.871           10.060            1.500
           31.365           13.222            1.490
           32.858           16.384            1.640
           34.352           19.546            1.640
           35.845           22.707            1.490
           37.339           25.869            1.570
           38.832           29.031            1.580
           40.326           32.193            1.650
           30.369            4.024            1.650
           31.862            7.186            1.580
           33.356           10.348            1.490
           34.849           13.509            1.490
           36.343           16.671            1.580
           37.837           19.833            1.640
           39.330           22.995            1.570
           40.824           26.156            1.640
           42.317           29.318            1.650
           43.811           32.480            1.650
           33.854            4.312            1.460
           35.347            7.473            1.560
           36.841           10.635            1.490
           38.334           13.797            1.490
           39.828           16.959            1.570
           41.322           20.120            1.640
           42.815           23.282            1.640
           44.309           26.444            1.650
           45.802           29.606            1.650
           47.296           32.767            1.650
