            2.489            1.725            1.380
            3.983            4.886            1.380
            5.476            8.048            1.420
            6.970           11.210            1.490
            8.463           14.372            1.560
            9.957           17.533            1.500
           11.451           20.695            1.420
           12.944           23.857            1.380
           14.438           27.019            1.350
           15.931           30.181            1.350
            5.974            2.012            1.380
            7.468            5.174            1.390
            8.961            8.336            1.420
           10.455           11.497            1.330
           11.948           14.659            1.420
           13.442           17.821            1.420
           14.936           20.983            1.420
           16.429           24.144            1.380
           17.923           27.306            1.380
           19.416           30.468            1.380
            9.459            2.299            1.420
           10.953            5.461            1.420
           12.446            8.623            1.330
           13.940           11.785            1.410
           15.433           14.947            1.490
           16.927           18.108            1.420
           18.420           21.270            1.420
           19.914           24.432            1.420
           21.408           27.594            1.430
           22.901           30.755            1.480
           12.944            2.587            1.490
           14.438            5.749            1.330
           15.931            8.910            1.410
           17.425           12.072            1.420
           18.918           15.234            1.480
           20.412           18.396            1.330
           21.905           21.558            1.420
           23.399           24.719            1.430
           24.893           27.881            1.480
           26.386           31.043            1.480
           16.429            2.874            1.500
           17.923            6.036            1.480
           19.416            9.198            1.490
           20.910           12.360            1.490
           22.403           15.521            1.480
           23.897           18.683            1.460
           25.390           21.845            1.480
           26.884           25.007            1.480
           28.377           28.169            1.570
           29.871           31.330            1.480
           19.914            3.162            1.500
           21.408            6.324            1.420
           22.901            9.485            1.340
           24.395           12.647            1.340
           25.888           15.809            1.630
           27.382           18.971            1.630
           28.875           22.132            1.480
           30.369           25.294            1.480
           31.862           28.456            1.560
           33.356           31.618            1.630
           23.399            3.449            1.390
           24.892            6.611            1.390
           26.386            9.773            1.390
           27.880           12.935            1.390
           29.373           16.096            1.480
           30.867           19.258            1.480
           32.360           22.420            1.490
           33.854           25.582            1.480
           35.347           28.743            1.480
           36.841           31.905            1.400
           26.884            3.737            1.390
           28.377            6.898            1.350
           29.871           10.060            1.390
           31.365           13.222            1.480
           32.858           16.384            1.490
           34.352           19.546            1.480
           35.845           22.707            1.480
           37.339           25.869            1.480
           38.832           29.031            1.440
           40.326           32.193            1.390
           30.369            4.024            1.350
           31.862            7.186            1.350
           33.356           10.348            1.420
           34.849           13.509            1.480
           36.343           16.671            1.490
           37.837           19.833            1.560
           39.330           22.995            1.480
           40.824           26.156            1.460
           42.317           29.318            1.430
           43.811           32.480            1.350
           33.854            4.312            1.350
           35.347            7.473            1.380
           36.841           10.635            1.480
           38.334           13.797            1.490
           39.828           16.959            1.480
           41.322           20.120            1.560
           42.815           23.282            1.480
           44.309           26.444            1.390
           45.802           29.606            1.350
           47.296           32.767            1.350
