            2.489            1.725            1.350
            3.983            4.886            1.350
            5.476            8.048            1.330
            6.970           11.210            1.310
            8.463           14.372            1.420
            9.957           17.533            1.420
           11.451           20.695            1.310
           12.944           23.857            1.270
           14.438           27.019            1.350
           15.931           30.181            1.350
            5.974            2.012            1.350
            7.468            5.174            1.270
            8.961            8.336            1.220
           10.455           11.497            1.220
           11.948           14.659            1.410
           13.442           17.821            1.330
           14.936           20.983            1.270
           16.429           24.144            1.350
           17.923           27.306            1.350
           19.416           30.468            1.350
            9.459            2.299            1.290
           10.953            5.461            1.220
           12.446            8.623            1.220
           13.940           11.785            1.220
           15.433           14.947            1.420
           16.927           18.108            1.330
           18.420           21.270            1.270
           19.914           24.432            1.350
           21.408           27.594            1.350
           22.901           30.755            1.350
           12.944            2.587            1.310
           14.438            5.749            1.220
           15.931            8.910            1.220
           17.425           12.072            1.220
           18.918           15.234            1.420
           20.412           18.396            1.220
           21.905           21.558            1.310
           23.399           24.719            1.390
           24.893           27.881            1.400
           26.386           31.043            1.330
           16.429            2.874            1.420
           17.923            6.036            1.340
           19.416            9.198            1.480
           20.910           12.360            1.480
           22.403           15.521            1.330
           23.897           18.683            1.420
           25.390           21.845            1.420
           26.884           25.007            1.480
           28.377           28.169            1.480
           29.871           31.330            1.420
           19.914            3.162            1.310
           21.408            6.324            1.220
           22.901            9.485            1.240
           24.395           12.647            1.330
           25.888           15.809            1.460
           27.382           18.971            1.480
           28.875           22.132            1.480
           30.369           25.294            1.470
           31.862           28.456            1.470
           33.356           31.618            1.420
           23.399            3.449            1.310
           24.892            6.611            1.270
           26.386            9.773            1.270
           27.880           12.935            1.330
           29.373           16.096            1.450
           30.867           19.258            1.480
           32.360           22.420            1.450
           33.854           25.582            1.440
           35.347           28.743            1.360
           36.841           31.905            1.310
           26.884            3.737            1.350
           28.377            6.898            1.290
           29.871           10.060            1.290
           31.365           13.222            1.330
           32.858           16.384            1.480
           34.352           19.546            1.480
           35.845           22.707            1.450
           37.339           25.869            1.430
           38.832           29.031            1.310
           40.326           32.193            1.390
           30.369            4.024            1.350
           31.862            7.186            1.350
           33.356           10.348            1.350
           34.849           13.509            1.390
           36.343           16.671            1.470
           37.837           19.833            1.480
           39.330           22.995            1.360
           40.824           26.156            1.310
           42.317           29.318            1.390
           43.811           32.480            1.350
           33.854            4.312            1.350
           35.347            7.473            1.350
           36.841           10.635            1.350
           38.334           13.797            1.330
           39.828           16.959            1.410
           41.322           20.120            1.420
           42.815           23.282            1.310
           44.309           26.444            1.310
           45.802           29.606            1.350
           47.296           32.767            1.350
