            2.489            1.725            1.200
            3.983            4.886            1.200
            5.476            8.048            1.190
            6.970           11.210            1.190
            8.463           14.372            1.190
            9.957           17.533            1.190
           11.451           20.695            1.190
           12.944           23.857            1.190
           14.438           27.019            1.200
           15.931           30.181            1.200
            5.974            2.012            1.200
            7.468            5.174            1.190
            8.961            8.336            1.190
           10.455           11.497            1.190
           11.948           14.659            1.190
           13.442           17.821            1.190
           14.936           20.983            1.190
           16.429           24.144            1.190
           17.923           27.306            1.200
           19.416           30.468            1.200
            9.459            2.299            1.190
           10.953            5.461            1.190
           12.446            8.623            1.190
           13.940           11.785            1.190
           15.433           14.947            1.190
           16.927           18.108            1.190
           18.420           21.270            1.190
           19.914           24.432            1.190
           21.408           27.594            1.200
           22.901           30.755            1.200
           12.944            2.587            1.190
           14.438            5.749            1.190
           15.931            8.910            1.190
           17.425           12.072            1.190
           18.918           15.234            1.190
           20.412           18.396            1.190
           21.905           21.558            1.190
           23.399           24.719            1.200
           24.893           27.881            1.200
           26.386           31.043            1.200
           16.429            2.874            1.190
           17.923            6.036            1.190
           19.416            9.198            1.190
           20.910           12.360            1.190
           22.403           15.521            1.190
           23.897           18.683            1.190
           25.390           21.845            1.200
           26.884           25.007            1.200
           28.377           28.169            1.200
           29.871           31.330            1.190
           19.914            3.162            1.190
           21.408            6.324            1.190
           22.901            9.485            1.190
           24.395           12.647            1.190
           25.888           15.809            1.190
           27.382           18.971            1.200
           28.875           22.132            1.200
           30.369           25.294            1.200
           31.862           28.456            1.200
           33.356           31.618            1.190
           23.399            3.449            1.190
           24.892            6.611            1.190
           26.386            9.773            1.190
           27.880           12.935            1.190
           29.373           16.096            1.200
           30.867           19.258            1.200
           32.360           22.420            1.210
           33.854           25.582            1.210
           35.347           28.743            1.200
           36.841           31.905            1.190
           26.884            3.737            1.190
           28.377            6.898            1.190
           29.871           10.060            1.190
           31.365           13.222            1.200
           32.858           16.384            1.200
           34.352           19.546            1.200
           35.845           22.707            1.210
           37.339           25.869            1.200
           38.832           29.031            1.200
           40.326           32.193            1.200
           30.369            4.024            1.200
           31.862            7.186            1.200
           33.356           10.348            1.200
           34.849           13.509            1.200
           36.343           16.671            1.200
           37.837           19.833            1.200
           39.330           22.995            1.200
           40.824           26.156            1.200
           42.317           29.318            1.200
           43.811           32.480            1.200
           33.854            4.312            1.200
           35.347            7.473            1.200
           36.841           10.635            1.200
           38.334           13.797            1.200
           39.828           16.959            1.190
           41.322           20.120            1.190
           42.815           23.282            1.200
           44.309           26.444            1.200
           45.802           29.606            1.200
           47.296           32.767            1.200
